0 1
0 2
0 3
0 14
0 18
1 2
1 14
1 18
1 29
2 14
2 18
2 29
3 14
3 18
3 29
4 5
4 6
4 7
5 251
5 769
5 1113
6 822
6 761
6 762
6 765
7 1194
7 766
7 1321
7 1234
8 9
9 235
10 11
10 257
11 257
11 422
11 423
12 13
12 1288
12 1853
13 699
13 1153
13 1288
14 15
14 16
14 17
14 18
14 19
14 20
14 21
14 22
14 23
14 24
14 25
14 26
14 27
14 28
14 29
15 235
15 1328
16 19
16 25
17 1190
17 1272
18 716
18 19
18 22
18 29
18 717
18 718
19 726
19 727
19 728
19 25
21 424
22 1206
22 1063
22 1275
25 726
25 728
25 2274
25 2277
26 235
26 1328
27 235
27 1328
28 783
30 31
30 32
30 33
30 34
30 35
30 36
30 37
30 38
30 39
30 40
31 1002
32 50
32 104
32 39
32 357
32 358
32 359
32 360
32 361
32 362
32 363
32 364
32 365
32 459
32 560
33 421
34 1487
35 705
35 706
36 1786
37 448
37 809
37 328
37 914
37 2427
38 931
38 932
38 642
39 470
39 751
39 1175
39 357
39 555
39 667
39 360
39 361
39 1176
40 771
40 914
41 42
41 43
41 44
41 45
41 642
41 1479
41 1487
42 343
42 344
42 354
42 346
42 1479
42 1487
43 44
45 106
45 1479
45 2200
45 2245
46 47
46 195
47 1266
47 1267
47 1268
47 129
47 1269
48 49
48 53
48 823
48 324
48 1386
49 823
49 319
49 1386
50 51
50 52
50 459
50 462
51 471
51 474
51 766
51 2374
52 689
52 2116
52 2117
52 2405
53 54
53 55
53 56
53 57
54 330
54 1071
54 1061
54 1064
54 1072
54 1188
54 1249
54 325
54 2046
55 317
55 1518
56 1249
56 1453
57 324
57 1386
57 1428
57 1384
57 1308
58 59
58 1487
58 2460
59 1551
59 1553
59 1554
59 1556
59 1557
59 1558
60 61
60 257
62 63
62 1321
62 946
62 439
64 65
64 66
64 67
64 68
64 69
65 66
65 1121
66 68
66 1121
67 70
68 1121
68 1732
68 1122
68 2032
69 1121
69 2172
71 72
71 235
71 1599
72 75
72 1576
72 1599
73 74
74 153
74 610
74 766
74 767
75 76
75 77
75 78
75 79
75 714
75 1479
75 1599
75 1506
76 1739
77 1416
77 1418
78 1416
78 1418
79 195
79 232
79 1418
80 81
81 82
81 459
81 463
81 689
81 690
82 83
82 84
82 463
82 555
83 84
85 86
85 87
86 729
87 250
87 251
87 252
87 253
87 254
87 255
87 256
87 766
87 617
88 89
89 790
89 322
90 91
90 92
90 93
90 94
90 95
90 96
90 97
90 98
90 99
90 100
90 101
90 102
90 1623
90 2102
91 1509
92 352
93 337
93 385
93 753
93 99
93 2108
94 753
94 1631
95 1171
96 112
96 1466
97 98
97 753
97 99
97 2108
98 385
98 753
98 99
98 2102
99 385
99 386
99 1083
99 2102
99 2103
99 2104
99 101
99 2105
99 2106
99 2107
99 2108
99 2109
100 753
101 2102
101 2108
102 112
102 1725
102 2409
103 104
103 459
103 628
103 1534
104 402
104 459
104 338
104 624
104 460
104 625
104 468
104 471
104 474
104 484
104 626
104 627
104 488
104 628
105 106
105 1487
106 130
106 615
106 927
106 873
106 872
106 876
106 131
106 1092
106 1277
106 1278
106 874
106 1279
106 133
106 1280
106 1255
106 1256
106 1258
106 1260
106 1261
106 1262
106 1281
106 1282
106 1283
106 1263
106 1264
106 1265
106 1284
106 341
107 108
107 1124
107 1127
107 1994
108 251
108 1124
108 1194
109 110
109 111
109 682
109 1123
110 632
110 682
110 1123
110 705
111 195
111 1416
111 1332
112 113
112 114
113 2379
114 2379
115 116
115 117
115 670
115 708
115 1098
116 371
116 708
116 2151
117 371
117 2124
117 2151
118 119
118 120
118 121
118 122
118 459
118 564
120 918
120 1673
120 1831
120 564
121 471
121 568
121 959
121 2374
122 459
122 2153
123 124
123 1194
123 766
123 328
123 1994
124 788
124 1194
124 764
124 766
124 328
125 126
125 127
125 128
125 129
126 640
126 652
126 950
127 1550
127 1688
128 640
128 652
128 950
128 1644
128 1688
128 943
129 1267
129 1269
130 131
130 132
130 133
130 134
130 874
130 2024
131 614
131 615
131 132
131 133
131 1255
131 1256
131 1257
131 1258
131 1259
131 1260
131 1261
131 1262
131 134
131 1263
131 1264
131 1265
131 2024
132 2024
133 874
133 2024
134 874
134 2024
135 136
135 137
135 1194
135 1219
135 766
136 195
136 754
136 1219
136 137
137 654
137 954
137 1194
137 767
137 1446
137 159
138 139
138 140
138 141
138 142
138 143
138 144
138 145
139 622
139 810
139 811
139 623
139 815
139 140
140 622
140 623
140 821
141 971
141 242
141 143
141 1209
141 913
142 815
142 1527
142 1897
142 1529
143 1527
143 1816
143 144
144 782
145 2444
146 147
146 148
146 149
146 150
147 754
147 1487
148 659
148 660
148 251
148 1194
148 1205
148 1994
150 766
150 788
151 152
151 747
151 1121
151 1298
152 1121
152 1298
153 154
153 155
153 156
153 157
153 158
153 159
153 160
153 161
153 162
153 163
153 164
153 165
153 166
153 167
153 168
156 1066
156 1177
156 1067
157 1098
157 989
157 2261
157 1118
158 228
158 163
158 1971
158 2249
158 1118
159 1446
160 1622
160 711
160 1801
161 708
161 801
161 2069
161 2452
162 228
162 229
162 230
162 2172
163 2298
164 1107
164 1637
164 1118
164 2431
165 799
165 310
165 2457
166 168
167 835
167 2448
169 170
169 171
169 172
169 173
169 174
169 175
169 176
170 1150
171 424
171 429
171 1609
171 173
171 174
172 1088
172 1158
173 340
173 1415
173 2216
174 2159
174 175
175 2159
176 2121
176 2122
177 178
177 179
177 180
177 181
177 182
177 183
178 970
178 1249
178 1250
179 1251
179 1741
179 1743
179 2004
180 258
180 262
180 1743
180 1770
181 1833
181 1573
181 2004
182 670
182 2004
183 1249
183 1933
183 2377
183 2412
184 185
184 186
184 187
184 188
184 189
184 190
184 191
184 195
185 195
185 232
185 1412
187 428
187 191
187 188
187 2100
188 428
188 1474
188 1476
188 1438
188 2100
188 1477
188 1013
189 1209
189 1761
190 220
190 2204
190 1418
191 474
191 766
191 1236
192 193
192 194
192 1479
192 1487
193 643
193 194
193 642
193 1487
194 1479
194 1487
194 1489
195 196
195 197
195 198
195 199
195 200
195 201
195 202
195 203
195 204
195 205
195 206
195 207
195 208
195 209
195 210
195 211
195 212
195 213
195 214
195 215
195 216
195 217
195 218
195 219
195 220
195 221
195 222
195 223
195 224
195 225
195 226
195 227
195 632
195 337
196 236
197 1420
197 337
198 226
198 1420
198 1487
199 232
199 422
199 724
199 863
199 223
199 864
199 205
199 337
200 205
201 369
202 1321
203 708
204 1420
206 283
206 1320
206 1487
207 1526
207 1897
207 1899
208 1599
209 1271
209 1270
209 1613
209 1614
209 1615
209 1616
209 588
209 1617
209 1618
209 1619
209 1841
209 1718
209 2076
210 1714
210 2171
211 1770
211 2020
212 232
212 1320
212 1420
212 1756
213 262
213 2020
214 424
214 2054
215 1741
215 1878
215 2377
216 642
216 1321
216 1756
216 2055
217 2004
217 2020
217 2066
218 1863
219 654
219 474
219 766
219 1799
220 1416
220 2204
220 222
220 2445
221 2239
222 2204
223 337
224 1430
224 2353
224 2355
225 1344
226 1967
226 1968
226 1648
227 337
228 229
228 230
228 231
228 1785
228 1108
229 230
229 2167
229 2168
229 231
229 2169
229 2170
229 2172
230 2169
230 2172
230 2266
230 231
232 233
232 234
232 235
232 236
232 237
232 238
232 239
232 240
232 241
232 242
232 243
232 244
234 424
234 237
234 1413
234 429
235 311
235 312
235 316
235 313
235 696
235 697
235 698
235 238
235 642
235 1285
237 244
237 1413
237 429
239 1970
240 1899
240 1977
241 2041
241 1970
242 1209
242 1214
242 1215
243 863
243 2240
243 1057
244 429
244 444
245 246
246 399
246 367
246 401
247 248
247 249
247 424
247 425
247 426
247 429
248 448
248 425
249 448
249 351
250 1194
250 766
250 617
251 780
251 781
251 370
251 782
251 1088
251 766
252 253
252 1194
252 766
253 948
253 949
253 766
254 1194
254 766
254 1090
254 2171
255 766
255 617
256 2013
256 1843
256 2045
257 258
257 259
257 260
257 261
257 262
257 263
257 264
257 265
257 1515
258 865
258 452
258 261
260 262
260 1515
261 262
261 1515
262 1513
262 1397
262 1860
262 430
262 1643
262 1761
262 1814
262 454
262 814
262 1515
262 263
262 2025
263 1515
263 454
264 424
264 912
264 1981
264 1984
264 451
264 2042
264 2043
264 1439
264 1213
264 2044
265 286
265 2140
266 267
266 268
266 754
266 759
266 1194
266 766
267 766
268 759
268 1164
269 270
269 271
269 272
269 1461
269 441
271 1365
271 771
272 2340
272 2420
273 274
273 275
273 276
273 277
273 278
273 279
273 280
273 281
273 282
273 699
274 801
274 2401
275 801
275 2401
276 655
276 656
276 708
276 323
276 2050
277 801
277 2401
278 424
278 901
279 425
279 642
279 1968
280 1438
280 778
281 801
281 2401
284 285
284 371
284 1104
284 1194
284 766
284 1870
285 2038
286 287
286 288
286 289
286 290
286 291
286 292
286 293
286 294
286 1509
287 881
287 1626
287 450
288 1520
288 2064
288 2065
288 289
289 2065
289 290
289 2112
290 2112
291 293
292 294
295 296
295 297
295 298
296 297
297 2224
298 459
298 517
298 535
298 536
299 300
299 301
299 818
299 1463
300 424
300 2450
301 431
301 2450
302 303
302 304
302 305
302 306
302 307
302 308
302 309
302 310
304 2059
304 2233
304 2062
305 306
305 2186
306 771
307 2059
307 914
307 2060
307 2061
307 2062
308 905
308 2289
309 799
309 2289
309 310
310 905
310 2289
310 803
310 1932
311 312
311 313
311 314
311 315
311 1899
312 316
312 313
312 314
312 1899
314 1158
315 623
315 1352
315 821
315 2357
316 642
316 1665
316 2200
317 318
317 319
317 320
317 321
317 322
317 323
317 324
317 325
317 326
317 327
317 328
317 329
317 330
317 331
317 332
317 333
317 334
317 335
318 336
319 1073
319 1074
319 324
320 333
320 1188
320 1191
321 332
321 1140
321 1141
321 1188
321 1542
321 804
322 325
322 2046
323 1017
323 687
323 619
323 707
323 1367
323 902
323 1019
323 708
323 1368
323 1042
323 1369
323 1021
323 709
323 1022
323 1370
323 1023
323 801
323 1371
323 324
324 1073
324 1303
324 1189
324 1188
324 1190
324 1191
324 1386
324 1387
324 334
324 1276
325 1073
325 1188
325 1190
325 1191
325 1427
325 1428
325 1429
325 1430
325 1431
325 1387
325 1432
325 1378
325 1433
325 1434
325 1275
325 1072
325 1435
325 1274
326 2088
327 426
327 1666
328 1518
328 482
328 1584
328 1304
328 1667
328 1305
328 1668
328 1588
328 1669
329 1817
330 1838
331 1048
331 1525
331 1053
331 1698
332 804
333 2255
333 334
333 1309
334 1191
334 2255
335 1218
337 2185
337 2396
337 2397
337 2398
337 864
337 929
338 339
338 1831
338 578
339 619
339 585
340 341
340 342
340 1313
341 873
341 884
341 1472
341 1473
341 2085
342 641
342 1314
342 742
343 344
343 345
343 346
344 346
344 1479
344 1487
345 876
345 2089
345 2269
345 354
346 2201
347 348
348 2410
349 350
349 351
349 448
350 368
350 1320
351 448
351 2243
351 445
352 353
353 2115
353 2324
353 2334
353 2335
354 877
354 878
354 2269
355 356
355 754
355 766
356 754
356 759
356 1088
356 766
357 1174
357 517
357 2370
358 957
358 1980
358 1848
358 362
358 598
358 1849
359 689
359 365
360 1479
360 1979
360 361
360 363
362 466
362 1594
362 2328
362 2329
362 1696
362 2330
362 2331
362 2332
362 596
362 598
363 459
363 1868
363 2220
364 689
364 365
365 459
366 367
367 399
367 459
367 401
368 1320
368 1321
369 370
369 1777
369 2289
370 766
370 767
370 2373
371 372
371 373
371 374
371 375
371 376
371 377
371 378
371 379
371 380
371 381
371 382
371 383
371 1104
371 1681
371 1870
371 1380
372 446
372 379
372 382
372 447
372 1679
373 766
373 1507
374 1679
374 375
374 376
374 377
374 1817
375 2479
377 2241
377 382
378 2059
378 382
379 2479
380 383
381 1301
381 2158
382 1097
382 2436
382 447
384 385
384 386
384 387
385 386
385 387
385 2102
386 2140
386 2109
387 1506
387 2203
387 2208
388 389
389 670
389 1922
389 2416
389 704
390 391
390 392
390 393
390 394
390 395
390 396
390 397
390 398
391 668
391 395
391 397
391 398
391 669
391 905
391 1032
391 1098
391 771
392 393
392 676
392 394
392 677
392 642
392 396
393 642
393 1032
393 396
394 1098
394 1020
394 1461
395 642
395 396
396 642
396 677
396 397
396 398
397 642
398 642
399 400
399 401
399 641
400 866
402 403
402 404
403 937
404 628
404 629
405 406
405 407
405 408
405 409
405 410
405 411
405 412
405 413
405 414
405 415
405 459
405 2079
406 459
407 459
407 483
407 1457
407 1458
407 1459
407 1847
407 1577
407 409
407 546
407 1711
408 459
408 603
408 532
409 459
409 1847
409 2270
410 459
410 414
411 459
411 414
412 459
412 413
413 459
414 459
415 459
415 2299
415 2431
416 417
416 642
416 1487
418 419
418 420
419 1293
419 1298
419 420
420 1298
420 1294
420 1295
420 1393
420 1394
420 1184
421 1972
421 1973
422 865
422 423
423 865
424 425
424 426
424 427
424 428
424 429
424 430
424 431
424 432
424 433
424 434
424 435
424 436
424 437
424 438
424 439
424 440
424 441
424 442
424 443
424 444
424 445
426 688
426 1217
426 436
426 1218
426 428
426 437
427 1321
428 604
428 965
428 1474
428 1475
428 1476
428 1477
431 642
431 1647
431 1648
431 432
432 1728
433 435
434 437
435 642
436 437
438 708
438 1360
439 1756
439 641
439 1898
439 1229
439 2110
439 2111
439 1422
439 1423
439 947
440 2242
441 2244
441 2401
442 2257
442 443
443 1320
443 1321
445 448
445 1321
446 1679
446 2254
446 447
447 1331
449 450
449 451
449 452
449 453
449 454
449 455
449 1509
450 881
450 1509
451 1150
451 1439
451 1187
453 1708
454 1513
454 1515
455 2356
455 1010
456 457
456 458
457 616
457 617
457 618
457 754
457 1194
457 766
457 767
458 1602
458 1994
459 460
459 461
459 462
459 463
459 464
459 465
459 466
459 467
459 468
459 469
459 470
459 471
459 472
459 473
459 474
459 475
459 476
459 477
459 478
459 479
459 480
459 481
459 482
459 483
459 484
459 485
459 486
459 487
459 488
459 489
459 490
459 491
459 492
459 493
459 494
459 495
459 496
459 497
459 498
459 499
459 500
459 501
459 502
459 503
459 504
459 505
459 506
459 507
459 508
459 509
459 510
459 511
459 512
459 513
459 514
459 515
459 516
459 517
459 518
459 519
459 520
459 521
459 522
459 523
459 524
459 525
459 526
459 527
459 528
459 529
459 530
459 531
459 532
459 533
459 534
459 535
459 536
459 537
459 538
459 539
459 540
459 541
459 542
459 543
459 544
459 545
459 546
459 547
459 548
459 549
459 550
459 551
459 552
459 553
459 554
459 555
459 556
459 557
459 558
459 559
459 560
459 561
459 562
459 563
459 564
459 565
459 566
459 567
459 568
459 569
459 570
459 571
459 572
459 573
459 574
459 575
459 576
459 577
459 578
459 579
459 580
459 581
459 582
459 583
459 584
459 585
459 586
459 587
459 588
459 589
459 590
459 591
459 592
459 593
459 594
459 595
459 596
459 597
459 598
459 599
459 600
459 601
459 602
459 603
459 628
459 1534
460 1831
461 1132
461 1135
461 1097
462 469
462 473
462 754
463 470
463 664
463 488
463 665
463 666
463 537
463 555
463 667
463 596
464 681
464 503
465 625
466 2154
466 2198
468 918
468 526
468 919
468 920
468 921
468 564
468 580
468 922
469 628
470 933
470 934
471 657
471 664
471 957
471 958
471 921
471 959
471 960
471 961
471 629
471 474
472 556
472 505
472 554
474 1151
474 758
474 741
474 759
474 1098
474 964
474 1152
474 1153
474 766
474 1154
474 1155
474 495
474 499
474 1156
474 1157
474 1158
474 1159
474 1160
474 1161
474 1162
474 1163
474 598
474 1164
474 484
475 833
477 512
477 2374
478 1174
479 1354
479 1271
479 1270
479 1355
479 481
480 642
480 834
481 1354
481 1410
481 1356
481 1411
482 1447
482 1448
483 1457
483 1458
483 1459
483 2270
484 1289
484 703
484 1460
484 749
485 566
485 1710
485 515
486 1478
486 575
486 590
486 487
486 2248
486 601
487 1478
487 575
487 590
487 2248
488 627
488 1456
488 665
488 2260
490 1372
491 665
491 1831
491 1583
492 515
493 1612
494 1534
494 1710
494 517
495 766
495 1627
495 1372
495 1635
495 1628
495 500
495 1630
495 501
495 691
495 1636
495 1637
495 1638
495 525
495 1511
495 1639
495 1640
495 548
495 1641
495 550
495 1642
496 515
497 918
498 517
499 542
500 1627
500 1628
500 1629
500 1636
500 1637
500 1640
500 1642
501 689
502 515
502 2133
502 2209
503 1629
503 571
503 574
503 515
503 1612
504 1750
504 1752
504 509
504 517
504 531
505 1534
505 1753
505 1538
505 554
506 1534
506 1710
506 517
507 833
507 531
507 2198
508 519
509 531
510 1534
510 1710
510 560
510 561
511 536
511 517
512 691
512 692
512 1772
512 1773
512 1774
512 557
513 1468
513 1534
513 1217
513 517
514 1535
514 533
515 1712
515 1750
515 1713
515 529
515 532
515 1577
515 545
515 549
515 551
515 1795
515 1612
516 1534
516 1796
516 1712
516 547
516 1797
517 1750
517 1800
517 520
517 523
517 526
517 538
517 1538
517 553
518 1803
518 597
519 1827
519 1689
519 958
519 1726
519 1690
519 1691
519 1692
519 534
519 1828
519 1829
519 1694
519 1830
519 921
520 1534
520 1710
521 957
521 544
522 905
522 708
522 673
522 532
524 691
524 532
525 1629
525 1635
525 1636
525 1511
526 1868
526 570
526 1869
526 578
526 585
527 833
527 642
527 530
527 531
528 1828
528 1886
528 1583
528 2293
528 2273
530 833
530 1911
530 582
531 1468
531 1710
531 549
531 1795
532 1288
532 1534
532 1935
532 540
532 1016
532 1936
533 1534
533 557
534 1831
534 578
536 1534
536 559
537 627
537 1979
539 1249
539 1572
539 1575
539 1573
539 1997
540 1534
541 747
541 1296
541 1904
541 1905
541 2014
541 1950
541 1788
541 2015
541 1301
541 2016
541 2032
542 1686
542 2021
542 1243
542 1512
542 2022
543 654
543 2035
543 2036
543 560
544 767
545 597
546 833
546 1846
546 582
547 1797
548 770
548 1372
548 1639
548 1640
548 1642
548 1373
550 1629
552 1470
554 1538
555 667
556 1534
557 2097
557 2098
557 570
557 572
557 573
557 578
557 2099
557 2070
558 1534
558 1432
558 562
559 1660
559 1661
560 611
560 1536
560 920
560 563
561 1710
562 1534
562 1536
562 2058
563 2098
563 2120
563 576
563 2128
563 2129
564 1831
564 1832
564 2126
564 2127
565 708
565 1296
565 2263
566 1847
566 2320
567 2423
568 959
569 594
570 2098
571 574
572 2205
573 958
573 2326
574 2344
575 2248
576 2281
577 770
577 665
577 583
578 1658
578 1868
578 2304
578 1594
578 1869
578 2199
578 2305
578 2099
578 585
578 591
579 2307
580 1217
580 2346
581 2220
581 1848
581 1849
582 2224
582 600
583 770
583 665
584 950
584 2260
585 2338
585 2345
586 1911
587 2336
588 642
588 602
589 593
590 2248
590 601
591 624
591 2327
592 1135
592 2056
592 1138
592 596
595 708
595 801
595 2211
596 2056
597 2443
599 611
599 1659
599 2070
601 2248
602 1445
602 2402
602 2036
603 771
603 958
603 1385
604 605
605 1811
605 1838
605 2428
606 607
606 608
606 1107
607 1107
608 1563
608 1297
608 1590
608 1788
608 2012
609 610
609 1194
609 764
609 1994
610 1194
610 1214
610 617
610 1816
611 612
611 613
613 1479
613 2094
613 2456
613 2463
614 615
616 1194
616 766
616 1155
616 617
616 618
616 1205
616 1581
617 766
617 755
617 1155
617 1247
617 1231
617 618
618 766
618 767
618 1162
618 1113
618 1214
619 620
619 621
619 708
619 1302
619 1629
619 2317
620 1621
620 1878
621 1579
622 623
623 1285
625 1534
625 2224
627 2260
628 629
629 664
630 631
630 632
630 633
630 634
630 635
630 636
630 637
630 638
631 632
631 633
631 634
631 637
632 633
632 634
632 637
632 639
633 637
633 639
634 635
634 637
634 969
634 929
635 1039
635 928
636 879
636 637
636 1147
637 880
637 638
637 1147
637 639
637 929
637 1148
637 1010
638 2188
639 1148
640 1867
641 642
641 866
642 866
642 650
642 980
642 981
642 676
642 982
642 983
642 984
642 985
642 986
642 697
642 987
642 772
642 988
642 989
642 990
642 991
642 992
642 993
642 677
642 994
642 995
642 996
642 834
642 997
642 998
642 647
642 999
642 1000
642 1001
642 1002
642 1003
642 1004
642 1005
642 1006
642 1007
642 1008
642 1009
642 1010
642 1011
642 1012
642 1013
642 1014
642 761
642 2245
643 644
643 645
643 646
643 647
643 648
643 649
643 1487
643 1096
644 1098
644 767
645 1315
645 1316
645 1317
645 841
646 1440
646 1442
646 1487
647 648
648 2253
649 1192
650 651
650 1479
650 1487
651 1479
651 1487
651 1739
652 653
652 1722
652 996
652 1170
653 1722
653 993
653 1723
653 1729
654 1487
655 708
655 1357
655 678
655 1878
655 2378
656 708
656 1940
656 2066
656 1944
657 658
657 2374
658 2392
659 740
659 1408
659 2082
659 1158
660 1194
660 766
661 662
661 663
661 1487
662 1487
663 1505
663 2177
664 1151
664 934
664 1175
664 1456
665 1583
666 1822
666 2302
666 1176
667 1793
668 1032
668 771
668 909
668 1851
669 2183
669 2284
670 671
670 672
670 673
670 674
670 675
671 708
671 801
672 808
672 1296
673 1950
673 1583
673 2056
674 771
674 2258
675 835
675 846
675 1985
675 2038
676 938
676 2207
677 708
677 1319
677 1165
678 679
678 680
678 708
678 1882
679 793
679 1031
679 840
680 708
680 1764
682 1123
683 684
683 685
683 1468
684 1546
684 1547
684 1548
685 1174
685 1546
685 1548
685 2270
686 687
686 2073
687 708
689 690
689 691
689 692
690 2116
690 2405
691 1219
691 692
691 1773
691 1774
691 1776
691 2270
692 2270
693 694
693 695
693 930
693 1926
693 2026
694 1926
694 1929
695 719
695 930
695 968
695 1926
695 2025
696 1897
696 1899
697 698
698 942
699 700
699 701
699 702
699 703
699 704
699 1598
700 1124
701 1598
701 702
702 1598
702 704
703 955
703 1288
703 1192
704 1107
704 1598
704 2439
705 1123
705 706
705 2145
706 1123
707 708
707 709
707 710
707 711
707 712
707 713
708 1017
708 1018
708 1019
708 1020
708 1021
708 1022
708 1023
708 801
708 1024
708 1025
708 1026
708 1027
708 1028
708 1029
708 1030
708 709
708 2050
709 801
709 1366
709 1030
709 1943
710 711
710 2073
711 1622
711 1676
711 1677
711 1678
711 2073
712 2020
712 1336
712 2076
713 972
713 2457
714 715
714 1416
715 1416
715 1419
715 2445
717 1930
718 1582
718 1767
718 1768
718 1930
718 1942
718 1943
719 720
719 721
719 722
719 723
719 1924
719 2025
719 2442
721 1929
722 1513
722 2025
722 831
722 1672
722 1517
722 723
723 2025
723 2184
723 2026
724 725
725 1440
726 1032
726 727
727 2274
728 2176
728 2274
728 2277
730 731
730 824
730 828
730 829
730 825
730 1077
731 736
731 737
731 828
731 829
731 2280
732 733
732 2257
733 1321
734 735
735 738
735 829
735 1077
736 828
736 830
736 832
736 737
737 828
739 740
739 1242
741 742
741 766
741 1487
743 744
743 745
743 746
743 905
744 905
745 905
745 746
746 905
747 748
747 749
747 1348
747 2032
747 2034
747 2037
748 1121
748 1298
748 2032
749 1298
749 1348
749 2437
750 751
752 753
752 1509
753 1631
754 755
754 756
754 757
754 758
754 759
754 760
754 761
754 762
754 763
754 764
754 765
754 766
754 767
754 768
754 769
754 770
754 771
754 772
754 773
754 774
754 775
754 776
754 777
754 778
754 779
755 1032
755 1246
756 1487
757 767
757 768
757 1487
758 762
758 1194
758 1246
759 1078
759 760
759 766
759 767
759 1079
759 1080
760 1081
760 1194
760 766
760 767
761 1095
761 822
761 1096
761 998
761 1097
761 1013
761 766
761 767
761 1479
762 899
762 1112
762 1113
762 1114
762 1194
762 767
763 766
763 1246
763 1487
763 2433
764 1194
764 1196
764 1090
764 766
764 1602
765 766
765 1205
765 2156
766 948
766 1078
766 822
766 899
766 1225
766 1098
766 1127
766 767
766 1200
766 769
766 1202
766 1203
766 1205
766 1226
766 1227
766 1155
766 780
766 1228
766 781
766 1229
766 788
766 1221
766 776
766 1230
766 1231
766 1232
766 1157
766 1233
766 1234
766 1090
766 1235
766 1000
766 1079
766 1236
766 1237
766 1162
766 1238
766 1239
766 1164
766 1080
767 1081
767 1240
767 822
767 1106
767 1198
767 768
767 769
767 1202
767 773
767 1241
767 1242
767 1243
767 1244
767 1214
767 1245
767 1162
767 1013
767 1994
768 773
768 1487
769 1321
769 1994
770 1194
770 1078
770 1372
770 1079
770 1373
770 1374
770 1080
770 2477
771 1017
771 1367
771 839
771 902
771 1040
771 1106
771 840
771 1102
771 1371
771 1187
771 1375
771 809
771 1376
771 847
771 1377
771 1378
771 1379
771 1380
771 1381
771 1382
771 1383
771 1384
771 855
771 860
771 1385
771 1097
772 1487
773 1487
774 776
774 777
775 918
775 2360
775 2369
777 989
777 1327
777 2009
777 1331
777 1334
778 2171
778 2469
779 1237
780 1155
781 1155
782 1994
782 2225
782 2391
783 784
783 785
783 786
783 787
785 1190
785 1273
785 786
785 787
785 2152
786 2429
788 1205
788 1233
789 790
789 791
789 792
790 1048
790 1111
791 1533
791 1431
791 1698
792 1428
792 1072
793 794
793 795
793 796
793 797
793 798
793 1142
794 1463
794 1707
794 2050
794 2073
795 835
795 839
795 911
795 796
796 839
797 1707
797 2050
797 2073
797 2080
797 798
798 1707
798 2050
798 1361
799 800
799 801
799 802
799 803
799 804
799 972
799 914
800 1449
801 1018
801 1019
801 1023
801 807
801 1385
802 1242
802 1760
802 1068
803 1930
804 2389
804 1140
804 1141
804 2282
805 806
805 807
806 923
806 972
806 1015
807 1249
807 1572
807 1574
809 905
809 1518
809 1587
809 1922
809 1939
810 811
810 1881
811 815
812 813
812 814
813 1395
813 2025
813 1516
815 816
815 817
816 1209
816 1285
816 1519
816 2031
816 1654
816 2029
817 1768
818 819
818 820
819 1320
819 1321
820 1332
820 2483
821 1352
821 1664
824 825
824 826
824 827
824 828
825 828
825 829
826 827
827 1672
827 1926
828 829
828 830
828 831
828 832
828 2135
828 2139
829 830
829 1082
829 2139
830 1471
830 832
831 930
831 1926
831 2026
833 834
833 1612
834 1447
835 836
835 837
835 838
835 839
835 840
835 841
835 842
835 843
835 844
835 845
835 846
835 847
835 848
835 849
835 850
835 851
835 852
835 853
835 854
835 855
835 856
835 857
835 858
835 859
835 860
835 861
835 862
835 1192
838 905
838 972
838 908
840 1149
840 1758
840 1759
840 1870
841 1436
841 848
841 849
841 859
841 1192
842 2023
843 1579
843 1382
843 1703
843 860
844 1405
844 1873
844 967
844 847
844 2271
845 1878
845 1859
845 1770
846 905
846 972
846 908
846 1853
846 857
846 858
847 965
847 967
847 850
847 1985
848 955
848 1820
848 1992
848 849
849 955
850 1922
850 1985
850 1747
851 1104
851 1824
852 1770
853 2407
853 2016
854 855
855 2303
856 1985
856 2125
857 905
857 908
857 1872
857 858
858 905
858 908
859 978
860 1580
860 1382
860 978
860 2354
860 979
860 1988
861 1434
861 1987
862 1986
862 1901
863 1274
866 867
866 868
866 869
866 870
866 871
868 870
869 1415
870 871
870 1222
871 1894
872 873
872 874
872 875
872 2024
873 882
873 1487
874 1255
874 1281
874 875
874 2024
875 2024
876 877
876 878
876 1479
876 1360
877 2089
877 2269
879 880
880 1147
882 883
882 884
882 885
882 886
882 887
882 888
882 889
882 890
882 891
882 892
882 893
882 894
882 895
882 896
883 1487
883 894
884 1279
884 886
884 887
884 1472
885 1277
885 1687
885 894
885 2426
886 1908
887 1908
887 1618
888 894
888 1347
889 894
890 893
890 894
890 2426
891 892
891 894
891 2426
892 894
892 2426
893 2242
893 2426
893 896
893 894
894 1279
894 1467
894 1338
894 2242
894 2087
894 1345
894 2426
894 895
895 1321
897 898
897 990
898 977
898 2059
899 900
899 1194
900 955
900 1219
901 1968
901 1647
901 1648
902 903
902 904
903 972
903 1877
903 2059
904 972
904 1877
904 2059
905 906
905 907
905 908
905 909
905 910
905 911
905 912
905 913
905 914
905 915
905 916
905 917
905 1380
906 1098
906 913
907 1098
908 1302
908 911
908 2038
909 1032
909 1412
910 1903
910 1909
911 972
911 1706
911 1747
911 1605
912 1052
912 1859
912 913
913 1714
913 1015
913 1818
913 1052
913 1412
913 1742
913 1855
913 914
913 1056
913 1900
913 1901
913 1902
913 1434
914 1075
914 2005
914 1681
914 1718
914 1930
914 2063
914 1336
914 2060
914 2061
914 1597
914 1097
914 2076
914 1683
914 2077
914 1685
915 1857
915 1942
915 1943
916 2401
917 2406
918 1593
918 1658
918 1659
919 1536
919 920
920 1536
921 1830
922 2304
923 924
923 925
923 1851
924 925
926 927
928 929
931 932
933 935
933 2360
933 1176
934 1176
935 2360
936 937
936 1894
936 2058
937 945
938 1194
939 940
939 941
939 942
939 943
939 944
940 950
941 945
941 1894
941 2058
942 1321
942 1479
942 2459
943 944
943 2438
945 946
945 947
946 1572
946 1430
946 1445
947 950
947 1075
947 2130
948 1088
948 1194
949 1194
950 951
950 952
950 953
951 993
951 1867
952 991
952 1430
953 1005
954 1194
955 956
955 1817
956 1551
956 1554
956 2364
958 1689
958 1690
958 1691
958 1692
958 1693
958 1694
958 1695
958 1696
959 2374
960 2374
961 2374
962 963
962 964
963 964
963 2372
964 2372
965 966
965 967
965 1104
965 1838
966 1405
967 1048
967 1249
967 1051
967 1065
968 1924
968 1926
968 2025
968 2114
968 1929
968 2442
969 1147
971 1209
972 973
972 974
972 975
972 976
972 977
972 978
972 979
973 1098
973 1817
973 2038
974 1853
975 1853
976 1704
976 2050
977 2029
978 1872
978 2282
979 1382
979 2282
980 1285
980 1395
980 1513
981 1487
984 1487
985 1487
986 1479
986 1487
987 1487
989 1325
989 1487
990 1369
990 1453
991 1662
992 1399
992 1665
992 1599
992 1670
993 1722
993 1724
994 1743
995 1743
996 1321
996 1675
996 1335
996 1170
997 2177
998 2143
999 2306
1000 1161
1000 2222
1000 2223
1001 2229
1001 2230
1002 1644
1002 1014
1003 1008
1004 2181
1005 2253
1006 2148
1007 2197
1008 2394
1009 1479
1009 2404
1010 2430
1011 2473
1012 2274
1013 1581
1013 2469
1013 1203
1013 2171
1014 1420
1014 1440
1015 1016
1019 2378
1020 1165
1020 1166
1021 1043
1021 1023
1021 1763
1021 2187
1021 2427
1023 2171
1024 1719
1024 1922
1024 1930
1024 1933
1024 1940
1025 1377
1026 1741
1026 1930
1027 2464
1028 1031
1028 2427
1029 2378
1030 2378
1031 2020
1032 1033
1032 1034
1032 1035
1032 1036
1032 1037
1032 1038
1033 2322
1034 1098
1034 1107
1034 2261
1035 1249
1035 1574
1035 2076
1036 1318
1036 1319
1036 1736
1037 1249
1037 1584
1040 1041
1041 1551
1041 1920
1042 1043
1042 2186
1043 1285
1043 2412
1044 1045
1044 1046
1044 1047
1045 1364
1046 1451
1046 1887
1046 1889
1046 1047
1046 2071
1047 1451
1048 1049
1048 1050
1048 1051
1048 1052
1048 1053
1048 1054
1048 1055
1048 1056
1048 1057
1048 1058
1048 1059
1048 1060
1048 1061
1048 1062
1048 1063
1048 1064
1048 1065
1048 1188
1048 1191
1048 1789
1049 1144
1049 1249
1051 1272
1051 1052
1052 1249
1052 1272
1052 1587
1052 1054
1052 1056
1053 1191
1053 1790
1055 1789
1055 1790
1056 1249
1057 1209
1057 1285
1057 2240
1058 1749
1059 2240
1060 1061
1060 1062
1061 1249
1063 1206
1063 1207
1063 1275
1063 1064
1065 2428
1066 1067
1066 1068
1066 1177
1067 1177
1067 1785
1069 1070
1069 1194
1070 1194
1071 1308
1072 1387
1074 1697
1074 1698
1074 2381
1075 1076
1079 1097
1080 1097
1081 1194
1081 2100
1082 2280
1083 1084
1083 1085
1083 1086
1083 1087
1084 1085
1085 1087
1085 2296
1086 1623
1086 1631
1087 2246
1088 1089
1088 1090
1088 1200
1089 1231
1090 1200
1090 1438
1091 1092
1091 1093
1091 1094
1092 1437
1093 1437
1093 1280
1094 1437
1094 1280
1094 1899
1095 1487
1096 2078
1097 2175
1098 1099
1098 1100
1098 1101
1098 1102
1098 1103
1098 1104
1100 2378
1101 1581
1104 1105
1104 1106
1104 1107
1104 1108
1104 1109
1104 1110
1106 1380
1107 1400
1107 1244
1107 1401
1107 1402
1107 1403
1108 1173
1108 1781
1108 1302
1108 1951
1108 1952
1108 1953
1108 1954
1108 1955
1108 1731
1108 1956
1108 1785
1108 1786
1108 1787
1108 1957
1108 1958
1108 1733
1108 1959
1108 1960
1108 1961
1108 1962
1108 1963
1109 1940
1109 1110
1112 1198
1112 1404
1112 1408
1112 1272
1113 1194
1113 1994
1114 1602
1115 1116
1115 1117
1115 1118
1115 1119
1115 1120
1117 1461
1117 1118
1117 1119
1117 2186
1118 1119
1118 1120
1119 2186
1119 2441
1120 1461
1120 2025
1120 2186
1121 1122
1122 1782
1122 2032
1123 1487
1124 1125
1124 1126
1124 1127
1124 1128
1125 2299
1126 1127
1126 1128
1127 1128
1127 1129
1127 1130
1127 1234
1127 2395
1129 1191
1129 1528
1129 1914
1130 1527
1130 1528
1130 2395
1131 1132
1131 1133
1131 1134
1131 1414
1132 1135
1132 1414
1133 1137
1133 1134
1134 1414
1134 1136
1134 1138
1134 1139
1135 1136
1135 1137
1135 1138
1135 1139
1136 2146
1138 1139
1139 2146
1140 1141
1142 1143
1145 1146
1145 2299
1146 1352
1149 1759
1149 1870
1149 2368
1150 1981
1150 1439
1150 1984
1151 1208
1151 1158
1151 2374
1152 1182
1152 1183
1152 1184
1152 1185
1153 1192
1153 1193
1154 1158
1155 1157
1155 1230
1156 1298
1156 1844
1158 1994
1158 2082
1158 1226
1158 1212
1158 1376
1158 2083
1158 1404
1159 1862
1159 2202
1159 1160
1160 1862
1160 1886
1160 2202
1160 2370
1161 2393
1162 1201
1163 1193
1165 1166
1167 1168
1167 1487
1167 2085
1167 2218
1167 2472
1168 2375
1168 2410
1168 2459
1168 2472
1169 1170
1169 1451
1169 2314
1172 1173
1173 1544
1173 1971
1173 1682
1175 2093
1176 2220
1177 1178
1177 1179
1177 1180
1177 1181
1177 1785
1178 1569
1179 1620
1179 1180
1180 1993
1181 1620
1183 1425
1183 1731
1183 1185
1184 1781
1184 1349
1184 1782
1184 1185
1184 1730
1185 1947
1185 1732
1185 2481
1186 1187
1186 1487
1186 1841
1187 1487
1187 1841
1188 1189
1188 1190
1188 1191
1189 1191
1190 1272
1190 1273
1190 1274
1190 1275
1190 1276
1191 1303
1191 1304
1191 1305
1191 1306
1191 1307
1191 1308
1191 1276
1191 1309
1192 2258
1193 1317
1193 1603
1194 1195
1194 1196
1194 1197
1194 1198
1194 1199
1194 1200
1194 1201
1194 1202
1194 1203
1194 1204
1194 1205
1195 1219
1195 1602
1197 2434
1197 2473
1198 1272
1199 1994
1200 1205
1202 1219
1202 1426
1202 1994
1203 1404
1203 2082
1205 1220
1205 1228
1205 1232
1205 1233
1205 1234
1205 1238
1205 1239
1206 1207
1206 1208
1207 1208
1207 1275
1208 1350
1208 1351
1209 1210
1209 1211
1209 1212
1209 1213
1209 1214
1209 1215
1209 1216
1210 1388
1210 1455
1211 1632
1211 1674
1211 1897
1211 1977
1212 1994
1213 2042
1216 1285
1216 1506
1217 1321
1219 1220
1219 1221
1219 1222
1219 1223
1219 1224
1220 1834
1220 1840
1221 1663
1221 2045
1221 1684
1222 2449
1222 2470
1223 1248
1223 1224
1224 1248
1225 1246
1226 1408
1226 1244
1227 1231
1228 2082
1229 1967
1230 2030
1231 1777
1231 1994
1231 2039
1232 1549
1234 2156
1235 2433
1238 1239
1239 2433
1240 1603
1240 2212
1240 2308
1240 2366
1242 1592
1242 1760
1242 2362
1242 2440
1243 1512
1244 2075
1244 1376
1244 2082
1245 1994
1245 2025
1245 1879
1245 1995
1246 1247
1246 1248
1247 1671
1247 1673
1247 1583
1249 1250
1249 1251
1249 1252
1249 1253
1249 1254
1251 1833
1252 2004
1253 1417
1253 2004
1254 2004
1255 1278
1255 1283
1255 1263
1256 2024
1257 1258
1257 1262
1258 2024
1258 1262
1259 2024
1260 2024
1261 1262
1262 2024
1262 1281
1263 1278
1263 1283
1264 1265
1265 1284
1267 1269
1268 1269
1270 1271
1270 1487
1271 1487
1272 1274
1272 1275
1273 2428
1274 1433
1274 1275
1275 1432
1275 1433
1275 2382
1276 1387
1276 2342
1277 1467
1278 2024
1278 2150
1280 1437
1281 2024
1282 2085
1282 1472
1283 2150
1285 1286
1285 1287
1286 1513
1286 1899
1286 1977
1287 2411
1287 2424
1287 2425
1288 1289
1289 1312
1289 1783
1289 1784
1289 2032
1290 1291
1290 1292
1290 1293
1290 1299
1290 1569
1290 1791
1291 1651
1291 1652
1291 1653
1292 1299
1292 1563
1292 1297
1292 1564
1292 1843
1292 1791
1293 1294
1293 1295
1296 1297
1297 1563
1297 1564
1297 1569
1298 1299
1298 1300
1298 1301
1299 1651
1299 1791
1299 1394
1299 1300
1299 2386
1300 1394
1301 2386
1301 2390
1304 1584
1304 1305
1304 1586
1304 1587
1304 1588
1304 1379
1304 1589
1304 1390
1305 1584
1305 1878
1306 1542
1306 1721
1306 2381
1307 2416
1308 1428
1308 2236
1308 2237
1308 1384
1308 2238
1310 1311
1310 1312
1311 1508
1312 1784
1312 1508
1313 1314
1316 2063
1316 2124
1317 1942
1318 1737
1318 1982
1319 1746
1320 1321
1321 1322
1321 1323
1321 1324
1321 1325
1321 1326
1321 1327
1321 1328
1321 1329
1321 1330
1321 1331
1321 1332
1321 1333
1321 1334
1321 1335
1321 1336
1321 1337
1321 1338
1321 1339
1321 1340
1321 1341
1321 1342
1321 1343
1321 1344
1321 1345
1321 1346
1321 1347
1321 1461
1321 1756
1322 1487
1323 1479
1323 1487
1325 1487
1326 1756
1327 1334
1327 2048
1328 1775
1329 1875
1329 1876
1330 1420
1330 1756
1330 1919
1330 2408
1332 1336
1333 1734
1333 1736
1333 1916
1334 1440
1334 1479
1335 2095
1335 2188
1335 1344
1336 1715
1336 2076
1337 2403
1338 1342
1339 1344
1340 1346
1341 1479
1341 2435
1343 2256
1345 1347
1348 1349
1348 1362
1348 1949
1349 1730
1349 1947
1349 2481
1351 2212
1351 1435
1352 1353
1352 1812
1352 1816
1353 1528
1353 1881
1353 1815
1353 1768
1355 1356
1355 1487
1355 1609
1357 1358
1357 1359
1357 1360
1357 1361
1359 1365
1359 1912
1359 1964
1359 2004
1360 1365
1361 2050
1362 1363
1362 2034
1362 2037
1366 1523
1366 1375
1366 1930
1366 2144
1372 1511
1372 1512
1372 1373
1372 2477
1373 2477
1374 1454
1374 2333
1375 1523
1375 1595
1375 1596
1375 1597
1375 1681
1375 1714
1375 2144
1375 2076
1377 2050
1378 1427
1379 1584
1380 1427
1380 2038
1381 2325
1383 2250
1384 1428
1384 1429
1387 1524
1387 1431
1387 1697
1387 1966
1388 1389
1388 1390
1389 1391
1389 2054
1391 1392
1393 2440
1394 2386
1395 1396
1395 1397
1396 1513
1396 2442
1397 1513
1398 1399
1399 2441
1400 1508
1401 2169
1402 1403
1404 2082
1406 1407
1406 1487
1407 1487
1408 1409
1409 1512
1410 1487
1410 1910
1411 1487
1411 2217
1412 1741
1412 2076
1415 1775
1415 2212
1416 1417
1416 1418
1416 1419
1416 2445
1419 2351
1420 1421
1420 1422
1420 1423
1420 1424
1421 1757
1422 1967
1422 1968
1422 1647
1423 1967
1423 1968
1423 1647
1424 1967
1424 1919
1426 2100
1427 1654
1427 1914
1428 1524
1428 1525
1428 1429
1428 1431
1428 1697
1428 1698
1428 1699
1429 1524
1429 1525
1429 1431
1429 1697
1429 1698
1429 1700
1429 1699
1430 2058
1431 1697
1434 1985
1434 1900
1434 1901
1435 2480
1435 2259
1436 1989
1436 2063
1440 1441
1440 1442
1440 1443
1440 1444
1440 1445
1440 1479
1441 1479
1441 1487
1442 1479
1442 1443
1442 1444
1443 1479
1444 1479
1447 2068
1448 2466
1449 1450
1450 2224
1451 1452
1453 1857
1453 1767
1454 1487
1456 2270
1457 1577
1457 1578
1457 2133
1458 1846
1459 1846
1459 1976
1460 1684
1461 1462
1461 1463
1461 1464
1461 1465
1461 1487
1462 1487
1463 1716
1463 1769
1463 1770
1463 1771
1463 2066
1464 1465
1466 1509
1467 1687
1468 1469
1468 1470
1468 1710
1469 1534
1469 1710
1469 1470
1469 2079
1470 1710
1473 2245
1474 1549
1474 2100
1475 2100
1476 1838
1476 2100
1477 2100
1479 1480
1479 1481
1479 1482
1479 1483
1479 1484
1479 1485
1479 1486
1479 2178
1479 2180
1480 1487
1481 1487
1483 1566
1484 2178
1484 2180
1484 2179
1485 2449
1485 2455
1486 2447
1487 1488
1487 1489
1487 1490
1487 1491
1487 1492
1487 1493
1487 1494
1487 1495
1487 1496
1487 1497
1487 1498
1487 1499
1487 1500
1487 1501
1487 1502
1487 1503
1487 1504
1487 1505
1494 2219
1497 2316
1503 2460
1504 2245
1505 1510
1505 2177
1508 1568
1508 1784
1508 2067
1511 1637
1512 2022
1513 1514
1513 1515
1513 1516
1513 1517
1515 1643
1515 1814
1515 2442
1516 1924
1516 2025
1516 2442
1517 2026
1517 1928
1520 1521
1520 1522
1520 1649
1522 1649
1522 1708
1522 1941
1522 2084
1523 1595
1523 1930
1523 2144
1524 1525
1525 2046
1526 1625
1526 1897
1526 1977
1526 1775
1527 1528
1527 1529
1527 1816
1528 1674
1528 1529
1528 1879
1528 1880
1528 1881
1528 2395
1529 1897
1529 1899
1529 1977
1530 1531
1530 1853
1530 2258
1531 1853
1531 2258
1532 1533
1532 1542
1533 1542
1533 1543
1533 1965
1534 1535
1534 1536
1534 1537
1534 1538
1534 1539
1536 1861
1536 1862
1537 1808
1538 1539
1540 1541
1540 1598
1542 1543
1543 1721
1544 1545
1544 2040
1545 1682
1546 1547
1546 1548
1549 1994
1549 2100
1550 1655
1551 1552
1551 1553
1551 1554
1551 1555
1551 1556
1551 1557
1551 1558
1551 1559
1551 1560
1551 1561
1551 1562
1552 1555
1552 1556
1552 1560
1552 1553
1552 1946
1553 1555
1553 1560
1553 1556
1553 1920
1555 1946
1555 1560
1556 1920
1557 1920
1558 1920
1559 1561
1561 1562
1563 1564
1563 1969
1564 1801
1564 1569
1565 1566
1565 1567
1565 1799
1565 1863
1566 1863
1567 1863
1568 1569
1568 1570
1569 1571
1569 1845
1569 1570
1570 1571
1572 1573
1572 1574
1573 1574
1573 2004
1574 1575
1574 1586
1574 1913
1576 1739
1578 2133
1579 1580
1580 2354
1581 1582
1582 1930
1583 1727
1584 1585
1586 1589
1586 1878
1587 2057
1589 1741
1589 1878
1590 1591
1590 1788
1591 1788
1591 2254
1592 1760
1592 2362
1593 1594
1593 1831
1593 2198
1594 2099
1595 1802
1595 1596
1595 1930
1595 2063
1595 2144
1596 1802
1596 2069
1596 2144
1597 2144
1599 1734
1600 1601
1600 2024
1601 2024
1602 1603
1603 2213
1604 1605
1604 1706
1604 2050
1604 1747
1605 1706
1605 1747
1606 1607
1606 1608
1607 1720
1610 1611
1610 1612
1611 1612
1613 1841
1614 1617
1614 1841
1615 1841
1615 1616
1616 2319
1616 1617
1617 2319
1618 1744
1618 2285
1619 2370
1621 2340
1621 2413
1623 1624
1627 1628
1627 1629
1627 1630
1627 1817
1628 1629
1628 1637
1628 1639
1628 1640
1628 1642
1629 1630
1629 1637
1629 1639
1629 1640
1629 1642
1630 1637
1632 1897
1632 1977
1633 1634
1633 1646
1633 2025
1633 2184
1634 1646
1634 2025
1634 2184
1635 1637
1638 1848
1638 1849
1643 1644
1643 1645
1644 1645
1644 1748
1645 1748
1645 1836
1647 1967
1647 1648
1648 1967
1649 1650
1651 1652
1651 1653
1655 1656
1655 1657
1656 1748
1656 1749
1656 1657
1657 1867
1658 1756
1659 2070
1659 2392
1659 2454
1660 1661
1661 1991
1663 2045
1663 1684
1664 2091
1665 1899
1665 1996
1665 1775
1672 1926
1672 2025
1674 1897
1674 1977
1676 1678
1678 2069
1679 1680
1680 2479
1681 1682
1681 1683
1681 1684
1681 1685
1681 2077
1682 1971
1683 2077
1683 1685
1685 2077
1688 2218
1688 2219
1689 1691
1689 2454
1690 1691
1690 2273
1690 2454
1691 1827
1691 1692
1691 1695
1691 1852
1691 1693
1692 2326
1692 2454
1694 1830
1695 2262
1696 2330
1697 1698
1699 2163
1700 1966
1701 1702
1702 1917
1702 1918
1702 1896
1703 2354
1704 1705
1704 2050
1705 1706
1705 2050
1706 1707
1706 2050
1706 1747
1707 2050
1707 1747
1708 1709
1709 2084
1710 1711
1712 1713
1714 1715
1714 1716
1714 1717
1714 1718
1715 1741
1715 2076
1717 1930
1718 2062
1719 2309
1719 2378
1719 2384
1719 2427
1720 1725
1722 1723
1722 1724
1723 1729
1726 1727
1728 1837
1730 1731
1730 1782
1730 1947
1731 1732
1731 1733
1731 1947
1731 1949
1732 2081
1733 1782
1734 1735
1734 1736
1734 1737
1734 1738
1736 1916
1737 1756
1737 2483
1738 1757
1739 1740
1740 2446
1741 1742
1741 1743
1742 2004
1742 2467
1743 1998
1743 1999
1743 1770
1744 1745
1745 1842
1745 2024
1748 1798
1748 1835
1750 1751
1751 1822
1754 1755
1754 1761
1754 2411
1755 1761
1755 2411
1756 1757
1757 2113
1758 1759
1758 1870
1759 1870
1761 1762
1761 1763
1761 2025
1762 1763
1762 2187
1763 1945
1763 2186
1763 2187
1763 2241
1764 1930
1765 1766
1765 1930
1765 1943
1766 2249
1766 1807
1766 2378
1767 1930
1770 1878
1770 2018
1770 2019
1770 2020
1771 2432
1773 2374
1774 2270
1775 1899
1776 2374
1778 1779
1778 1780
1780 2347
1780 2316
1780 2349
1780 2352
1781 1782
1782 2481
1783 1845
1783 2072
1783 2465
1785 1786
1785 1787
1785 1788
1785 1961
1785 1962
1786 1823
1786 1894
1786 2058
1788 2003
1789 1790
1791 2013
1791 2014
1792 1793
1792 1794
1794 2402
1796 1797
1802 1930
1802 2144
1803 1863
1804 1805
1804 2046
1804 2058
1804 2101
1804 2076
1804 2400
1805 2372
1806 1807
1806 1943
1806 2069
1807 1930
1807 2069
1807 2249
1808 1809
1808 1810
1811 1838
1812 1813
1812 1814
1812 1815
1812 1816
1813 1907
1815 1881
1816 1879
1816 1880
1817 1818
1817 1819
1817 1820
1817 1821
1818 1870
1820 1992
1823 2173
1824 1825
1824 1826
1824 2023
1825 1826
1827 2326
1827 2454
1829 2083
1831 1832
1832 2287
1835 1836
1835 1841
1836 1841
1838 1839
1843 2045
1844 2072
1845 2465
1846 1868
1850 1851
1851 1857
1851 1858
1852 2262
1853 1854
1853 1855
1853 1856
1856 2448
1859 2004
1859 2309
1860 2442
1863 1864
1863 1865
1863 1866
1863 2002
1867 2000
1867 2001
1868 2198
1868 2345
1869 2198
1869 2345
1870 1871
1870 1872
1871 2038
1872 2343
1872 1923
1873 1874
1875 1876
1877 1909
1877 2094
1878 1937
1878 1938
1878 1940
1878 1942
1879 1880
1882 1883
1884 1885
1884 1887
1884 1889
1884 1948
1884 1890
1885 1887
1885 1890
1886 2331
1886 2350
1886 2370
1887 1888
1887 1889
1887 1890
1887 1948
1888 1889
1888 1892
1889 1891
1889 1892
1889 1893
1890 1948
1894 1895
1894 1896
1897 1898
1902 2027
1903 1904
1903 1905
1903 1906
1904 1933
1905 1933
1909 1910
1909 2059
1910 2059
1910 2217
1911 2344
1912 1913
1913 1997
1913 2059
1914 1915
1919 2408
1920 1921
1922 1923
1923 1985
1924 1925
1925 2025
1926 1927
1926 1928
1926 1929
1927 2184
1929 2114
1930 1931
1930 1932
1933 1934
1934 2377
1937 1940
1938 1939
1938 2377
1941 2084
1942 1943
1942 1944
1942 1945
1944 2377
1945 2187
1945 2241
1945 2377
1949 2034
1949 2037
1961 1962
1967 1968
1974 1975
1974 2072
1977 1978
1979 2402
1982 1983
1985 1986
1985 1987
1985 1988
1985 2063
1989 1990
1994 1995
1996 2017
2003 2254
2004 2005
2004 2006
2007 2008
2007 2009
2007 2010
2007 2011
2013 2045
2014 2032
2015 2407
2016 2407
2019 2427
2025 2026
2025 2027
2025 2028
2025 2184
2026 2028
2032 2033
2033 2037
2034 2037
2036 2094
2043 2101
2046 2047
2047 2434
2047 2259
2048 2049
2050 2051
2050 2052
2050 2053
2059 2060
2059 2061
2059 2062
2060 2061
2060 2062
2063 2076
2070 2097
2070 2454
2073 2074
2074 2080
2074 2457
2074 2268
2075 2082
2076 2399
2076 2400
2080 2186
2080 2449
2080 2268
2082 2083
2083 2096
2085 2086
2085 2087
2086 2472
2089 2090
2091 2092
2095 2306
2099 2338
2102 2105
2102 2108
2103 2383
2104 2109
2105 2109
2106 2108
2107 2108
2107 2109
2108 2294
2108 2234
2108 2235
2108 2246
2108 2295
2108 2296
2108 2297
2109 2383
2109 2294
2110 2174
2111 2356
2118 2119
2119 2131
2119 2129
2119 2120
2119 2130
2120 2128
2120 2129
2120 2130
2123 2124
2123 2125
2126 2154
2126 2155
2126 2327
2127 2154
2127 2155
2127 2327
2128 2129
2128 2130
2128 2310
2129 2131
2129 2132
2129 2130
2129 2310
2130 2131
2130 2132
2130 2310
2132 2310
2133 2134
2134 2374
2135 2136
2135 2137
2135 2138
2135 2139
2135 2226
2136 2358
2137 2138
2137 2358
2138 2226
2138 2227
2141 2142
2141 2445
2142 2447
2146 2147
2148 2149
2157 2158
2158 2465
2160 2161
2160 2162
2160 2434
2161 2162
2161 2434
2164 2165
2164 2166
2166 2429
2169 2170
2171 2401
2174 2175
2176 2370
2178 2179
2178 2180
2179 2180
2179 2181
2182 2183
2183 2248
2188 2189
2188 2190
2188 2191
2188 2192
2188 2193
2188 2194
2188 2195
2188 2196
2188 2197
2188 2471
2189 2190
2189 2192
2190 2471
2191 2339
2191 2471
2192 2339
2192 2196
2192 2197
2193 2194
2193 2471
2194 2196
2196 2339
2196 2197
2196 2471
2198 2199
2199 2287
2199 2288
2199 2321
2199 2345
2199 2387
2203 2208
2206 2207
2207 2367
2209 2210
2212 2213
2212 2214
2212 2215
2213 2214
2213 2308
2213 2215
2213 2366
2214 2308
2214 2366
2218 2219
2220 2221
2223 2478
2226 2227
2226 2228
2229 2230
2231 2232
2232 2292
2232 2429
2234 2235
2234 2295
2235 2295
2236 2237
2236 2238
2244 2253
2244 2375
2246 2247
2248 2283
2248 2286
2251 2252
2252 2360
2254 2261
2258 2259
2264 2265
2265 2448
2267 2268
2271 2432
2272 2273
2273 2418
2273 2419
2274 2275
2274 2276
2274 2277
2278 2279
2278 2449
2282 2343
2283 2284
2287 2288
2288 2388
2289 2290
2291 2292
2291 2429
2292 2429
2293 2402
2294 2295
2294 2296
2299 2300
2299 2301
2302 2336
2305 2338
2310 2311
2312 2313
2313 2314
2313 2371
2314 2315
2317 2318
2321 2387
2322 2323
2328 2330
2329 2330
2330 2332
2331 2338
2337 2338
2340 2341
2342 2381
2347 2348
2347 2349
2358 2359
2360 2361
2362 2363
2364 2365
2367 2380
2369 2370
2369 2402
2370 2402
2375 2376
2384 2385
2413 2414
2413 2415
2414 2448
2416 2417
2418 2419
2421 2422
2421 2449
2446 2475
2450 2451
2452 2453
2457 2458
2460 2461
2460 2462
2467 2468
2473 2474
2475 2476
2481 2482
2483 2484
